5.207445530411951573e-01,8.642197759492293851e-01,9.895439851109567586e-01
2.495592792409512262e-01,2.202244171309091225e-01,6.393406499478545557e-01
8.257582777229406368e-01,8.724269113681556442e-01,1.095617093746130255e+00
2.270446287058536239e-02,5.697601671010331659e-01,7.792894221660557896e-01
8.795007571519457557e-01,5.000388861517290895e-02,6.269087567217815904e-01
9.626563584932837925e-01,8.663979225515402449e-01,1.071153869943400005e+00
8.809651290443304417e-01,5.929617809588457744e-01,9.523608724478683785e-01
2.113041311002347156e-01,6.712872457405517634e-01,8.247716187067849480e-01
4.162432630949293166e-01,6.370026109273256854e-01,8.513259988981561888e-01
9.715536491103552441e-01,3.283159319436239620e-01,7.825380993284456466e-01
8.169064190088053401e-01,6.421935786963406390e-02,6.171787474974206322e-01
4.338221630343530588e-01,8.756402963454098520e-01,9.728521521211557221e-01
5.176389829104472984e-01,3.149839327264991606e-01,7.546021022914015663e-01
1.102131077641484991e-01,6.098456788747113055e-01,7.595470744429085874e-01
2.324827847946367987e-01,2.105986780251878354e-01,5.654623987259794760e-01
6.135651788645708482e-01,9.750666374211692800e-01,1.061099318834406668e+00
6.520112782619492675e-01,1.772043209628898497e-01,6.723198448737625066e-01
2.454881615412678464e-01,4.142007149916840936e-01,7.513853986220374592e-01
9.586077498199362390e-01,8.832638253763551717e-01,1.094408438469289813e+00
8.783514579398612465e-01,5.589741481299759229e-03,5.950160279531269136e-01
2.967228624781498292e-01,4.601965338272796524e-01,7.606849512034472571e-01
7.310967700152002369e-01,9.296048483297291165e-01,1.061334346998628053e+00
6.451662541130788187e-01,3.442053476856544725e-01,7.278319838972288069e-01
7.243519834753444631e-01,2.782113361320837086e-02,5.855142154700344603e-01
3.468313837182253057e-01,7.842932297046664170e-01,8.898181859132900939e-01
4.668572727794939592e-01,1.673576202121754841e-01,6.265715017406416898e-01
8.069899717005680762e-01,3.452601928939202924e-01,7.591408015667107101e-01
7.993583678461059217e-01,2.357086962766100635e-01,7.614696954425149711e-01
1.492460488656184303e-01,1.467891728870336365e-01,5.285883634469766834e-01
1.897070861816194665e-01,8.659346935390219713e-01,8.834963928088261920e-01
5.988394857416040606e-01,6.663282195879277614e-01,8.800224050799703157e-01
8.069252929046322187e-02,6.814903769324333060e-01,7.603886381315754228e-01
8.001241426935664647e-01,4.309614519968404389e-01,7.935814972898852515e-01
6.318134093291123410e-01,1.780459147272028808e-01,6.324453463215968796e-01
2.766790306825542833e-01,3.415681401596697420e-01,7.170408798208043333e-01
2.147926016399110960e-01,6.677409234813156402e-01,8.692056078822792964e-01
8.393596143059870451e-01,6.857023108818184332e-01,9.188537622629817658e-01
3.995775560129258830e-01,2.905942882417276163e-01,6.592119568576514377e-01
1.658140660973640435e-01,7.739086559640087071e-01,8.447647853328554834e-01
5.351666053632720965e-01,7.956381395817035962e-02,5.995372862824049909e-01
9.194592203811757791e-02,5.748202706358757075e-01,7.451473145649147867e-01
5.320958319841029294e-02,3.210398008814200344e-01,6.347811326643901797e-01
1.075174924263007092e-01,4.965604791052246059e-01,7.326814972297924777e-01
5.242658379077936859e-01,2.228144757141797827e-01,6.571310347639258698e-01
3.354822974178973682e-01,8.795229233035363192e-01,9.462695751676153400e-01
9.324155038944553775e-01,1.002189106334396840e-01,6.954981698411469848e-01
2.895215970775405490e-01,8.204697965495574286e-01,9.581625187162984281e-01
9.184177510130966393e-01,6.473207862570904414e-01,9.320216506808923773e-01
2.106392845626793298e-01,1.887666589272433137e-01,6.352833748713363482e-01
6.497141160611773492e-01,4.339785117200039011e-01,7.520239329145697038e-01
7.080587797521794569e-01,3.490715376103092904e-02,6.098949920794419777e-01
1.691274164217847487e-01,6.094517802635737169e-01,7.889332391391618016e-01
1.367196534852943568e-02,7.009058120951305870e-02,4.843003212940693025e-01
5.866249862198402720e-02,3.725192184673176143e-02,4.754681007482348676e-01
5.694261854110556076e-01,2.888518467855136773e-01,6.690766985818894508e-01
1.930852654668281376e-01,2.372002697131165849e-01,6.287351666585480059e-01
1.181742777205013750e-01,2.481859331200364505e-02,4.735932564232342434e-01
9.291515780411654379e-01,4.542416141075200642e-01,8.872685162356105382e-01
5.020654041700705061e-01,3.624135515103583671e-01,7.625000568986819438e-01
6.948980690432913221e-01,4.091498508587821936e-01,7.523815502126713906e-01
5.936677740139558734e-01,2.606262354252383284e-01,7.426540330159321357e-01
9.791436412774683351e-01,8.705390910690516959e-01,1.061726334373475300e+00
5.145248622386600079e-01,8.731735453803440850e-01,9.952202296171305251e-01
4.287865625138883585e-01,7.648613664053480754e-01,9.253648728262284795e-01
9.456228140001345928e-01,8.017973657874888360e-02,6.602403002807609722e-01
1.451407372872093315e-01,5.732748556734493794e-01,7.318527282953024571e-01
3.809485255821726257e-01,1.968767327734575190e-01,6.298902882030285033e-01
5.418573060979763323e-01,3.260043520034152653e-01,7.378329679125689156e-01
9.920265479522472063e-01,3.808169006454551475e-01,8.853305244712038613e-01
5.435347148077688262e-01,8.193041301512498098e-01,9.704640594462092817e-01
7.197770353911631114e-01,2.422375766635030958e-01,7.174477727878244560e-01
1.101451023454325107e-02,2.444827221483193425e-01,5.563724611501678075e-01
8.781482799831732411e-01,3.934961588947720745e-01,8.571947873248212391e-01
4.598747921249575210e-01,5.286638015148811265e-01,7.991781531660592242e-01
5.067224682948963110e-01,5.950339537607219897e-01,8.689466739273269402e-01
5.765224727451536690e-01,2.449625194215444557e-01,6.485762214713335361e-01
4.267079428096829385e-01,8.891650325404210076e-02,6.046531840790820844e-01
8.112414166758354916e-01,4.191249170569698590e-01,7.724038069584047150e-01
8.800588118518959391e-02,1.071368056565497051e-01,5.680841834522107892e-01
3.723357729094503021e-01,9.512985573856125310e-01,1.005361406021409776e+00
7.416947235780720904e-01,4.007077624895646339e-01,8.212706686445482296e-01
8.160211951888528548e-01,7.376470122520355499e-01,9.915524354270376373e-01
5.944470909513177581e-02,9.478314241636889292e-01,9.656194152886024007e-01
6.251770052048036819e-01,6.250017838690765659e-01,8.525332776491756359e-01
3.489013221321399794e-01,1.336790072469633550e-01,6.087915176676503837e-01
3.632596264673052522e-01,6.786438465569120115e-01,8.852562258657946659e-01
5.301112316023672832e-01,5.525222518508949854e-01,8.222801267103702072e-01
3.713467611554200909e-01,2.718081123068273319e-01,6.318435587914504881e-01
2.989738438936433429e-01,3.895299878968934149e-01,7.138069579246170138e-01
7.413999241366122650e-01,5.903665425596247296e-01,9.398522538818814276e-01
4.677942364385168084e-01,4.760191201938843708e-01,8.144367913302321682e-01
6.759125587740512087e-01,6.767028802613422878e-01,9.625339939947372692e-01
6.799798796520000188e-01,2.709767063975729862e-01,7.508831025653019964e-01
5.387548344983938975e-02,3.643987538016817407e-01,6.120058346175674124e-01
2.526557321983676774e-01,4.366343358430322397e-01,7.038103660566742414e-01
5.097961909172068484e-01,6.746432757135047975e-01,9.028472010425007133e-01
4.162335148243289096e-01,1.228741338695902297e-01,6.246510521698123153e-01
7.826906661126480369e-01,3.235963107293620133e-01,7.634812810968756303e-01
6.805830551456126809e-02,8.379875774952139089e-02,5.018516703352814412e-01
8.845924670305309601e-01,1.207186248816721763e-01,6.786265292385028625e-01
5.424446908808860934e-01,9.486794810859723315e-01,1.054678205282298720e+00
8.438589388980122230e-02,2.378763248225228555e-01,6.260197846624103724e-01
8.342451714013809916e-02,3.487204678164270710e-01,5.932021363621358123e-01
8.557812572855508781e-01,4.847544074707768047e-01,8.592968097672415428e-01
6.204266746248614517e-01,3.737527036466701258e-01,7.785838517343152132e-01
6.190762490846686283e-01,7.682063899586821787e-01,9.127190210247920765e-01
6.847152318889010436e-01,2.041900878791086393e-01,7.172333013262808254e-01
8.373673365080899211e-01,8.183478382010500596e-01,9.881129342923878900e-01
5.549082467469657054e-01,1.876406926571709821e-01,6.481988163169616346e-01
6.037700751384830200e-01,4.312150934485969866e-01,7.703923215988055517e-01
1.326373769408473180e-03,1.906867712561048922e-01,5.503203748324504430e-01
8.484033819684130284e-01,2.121416660312557267e-01,7.209361029517530328e-01
1.652345378154826960e-01,3.518944454798769161e-01,6.179252499118811359e-01
7.535568694768798315e-01,1.568430563124042498e-01,6.546613741381033247e-01
3.849766221056583060e-01,7.851476008941374873e-01,9.310156572939415343e-01
8.510591864703427323e-01,9.758361093672054398e-01,1.140979675452812980e+00
6.590145057161763686e-01,2.894989264484618685e-01,7.422549099551168927e-01
9.184120857014166361e-02,7.265721157841225075e-01,8.758515590484802216e-01
6.343119434859930683e-01,7.368467269212158888e-01,9.784735056943353326e-01
8.711511310315147583e-01,7.773377489478137115e-01,9.792892447857836080e-01
2.880719053513824957e-02,8.523192605681557676e-01,8.372623280129597445e-01
8.180899144174882398e-01,6.508360639981499718e-01,9.405719539514461047e-01
4.074210301986658234e-01,2.277380457813947823e-01,5.989824024361828370e-01
9.876726282573607962e-01,7.216841945978053063e-01,1.009530106014234763e+00
2.251141858121994410e-01,7.062595642262531337e-01,8.464882167884810737e-01
5.250467630234714189e-01,1.994425221541646920e-01,6.691653192078385048e-01
5.283491953681896947e-01,6.155085806087451372e-01,8.603365289980072772e-01
3.170885395948379593e-01,6.066759089579191189e-01,7.944771331561133465e-01
8.996767291166613001e-01,2.162060065619294535e-01,7.479616908467967562e-01
3.689279430923501080e-01,2.622204663513524325e-01,6.771678420853910474e-01
1.345737535034911003e-01,1.287317892889935367e-01,5.023434789808483014e-01
4.518089452560306585e-01,2.940055678421242824e-01,6.578511936477016153e-01
9.096044702022487716e-02,2.749101920729781767e-01,6.031870294166534752e-01
8.297899821251362162e-01,7.758391074695325518e-02,6.654007683667412243e-01
9.801929027779026082e-01,6.689499141098098622e-01,9.810782453925254165e-01
6.271765491604173182e-01,6.071347460425505771e-01,8.996550838696049102e-01
6.822550416278428953e-01,4.668442182494455528e-01,7.942225850584463398e-01
3.720979861311098924e-01,8.645142549906286167e-01,9.858153064458503589e-01
8.640962565384637806e-01,3.392333979373272079e-01,7.467917086844653163e-01
3.453745365234205389e-01,2.263031126483420197e-01,6.187821288627948224e-01
2.749873553328776588e-01,7.751278405844230779e-02,5.545103231304122637e-01
4.233634054000910973e-01,3.403827360779501099e-01,7.501001429504829954e-01
6.870946763976009120e-01,6.342693769374285750e-02,6.682491055346452269e-01
3.029516758378241192e-01,6.457638494922041117e-01,8.205369612369497467e-01
6.308724140454617935e-01,4.319895204106415365e-01,7.789078270530864767e-01
9.143138666017948113e-01,5.371753088879701599e-01,8.729015103981586643e-01
3.562428975676444898e-01,1.280355061388929183e-01,6.000151386058847347e-01
8.246628358894139144e-01,3.809707918100999624e-01,7.660394989157286449e-01
6.565756859033603510e-01,3.270920809417322550e-01,6.989803760155421930e-01
5.497129396197687479e-01,4.252275056979277768e-01,8.011125114671495684e-01
1.589761174401743693e-01,9.852330280778790472e-01,9.248289790074583072e-01
7.767921434208266973e-01,4.540458823868820382e-01,8.287161224540554594e-01
1.131604875962602952e-01,1.276871843283501340e-01,5.169603483516841402e-01
5.460360916210875715e-01,8.403495466876257369e-01,1.029327287536437874e+00
8.102578137709646189e-01,3.453687651229122579e-01,7.563392008207534545e-01
5.246265886061440842e-01,4.374669869946071765e-01,7.879060602885741282e-01
9.477517387993287246e-01,2.207034824676706863e-01,7.740336787973178811e-01
3.359034441055190889e-01,7.630918213847923681e-01,9.074355807399022700e-01
1.229243243605281366e-01,9.003688357477623860e-01,8.913862014651982024e-01
4.256132522157499709e-01,1.936428754315573375e-01,6.094590527501959620e-01
1.436192787206331811e-01,3.039984178475481080e-01,5.914337032834040553e-01
8.189176093811070256e-01,5.644703805964426113e-01,8.866916302964460428e-01
4.117698500859739985e-01,4.091325244951669049e-01,7.629009645814104346e-01
4.606848441399157279e-01,3.189019899512696155e-01,7.292171893165133589e-01
4.160919588524941704e-01,6.292510453629476253e-01,8.265575996631830957e-01
5.233104811172067938e-01,6.056327975881359293e-02,6.219840143855767112e-01
4.425001645722080879e-01,8.238292622337376470e-01,9.345534207777238533e-01
5.072042063354309516e-02,5.473456293861101996e-01,6.994460706699827668e-01
4.469419486032126798e-01,4.484010712538267773e-01,7.649202034983245690e-01
1.364452464210877958e-01,3.793862659896067857e-01,6.353015867632427760e-01
5.956697470785422555e-01,7.225573771885867025e-01,9.715915218226734984e-01
7.474070900073415125e-02,9.780954301896154224e-01,9.305908983163938553e-01
4.472389546184584175e-01,3.198558464314570360e-01,7.459609747586686268e-01
7.417051832557894908e-01,2.149598479353798108e-01,6.949637041520630998e-01
2.396917721115230382e-01,2.101590914209726657e-01,6.085957729047308806e-01
2.440537883625084614e-01,9.600750764928339676e-01,9.351061560135613959e-01
5.046123559992017338e-01,1.929593991754063875e-02,5.611138095904989465e-01
5.202692396102375216e-01,9.792020855011656089e-01,1.017989298853377633e+00
4.564349200713436749e-01,9.154456994022778238e-01,9.899744875769954655e-01
1.372352835939668614e-01,3.443289027007137015e-01,6.507850187979541401e-01
1.308117398296907430e-01,8.232910852285659775e-01,8.833489359235456861e-01
8.599033028538629608e-01,9.461063176484189041e-01,1.048200017499836711e+00
6.656306096976460918e-02,3.930174690113349412e-01,6.543449130720871976e-01
4.837979291056985209e-01,5.628760125668988978e-01,7.973132028625172785e-01
3.451808207545969953e-02,4.358156316524570695e-01,6.454008356274099079e-01
8.852307065814523090e-01,3.277436639180835165e-01,8.192620640362748841e-01
9.339565234505557978e-01,2.010676905294442873e-01,7.044150626369820589e-01
6.994273064817311258e-01,8.721912822127864118e-02,6.004535241474248108e-01
9.036704158067517811e-01,5.780052804949925571e-01,9.543063895799180907e-01
7.592923790889589686e-01,9.318180888539928652e-01,1.019970934398922058e+00
3.288845912131032057e-01,6.471542254501336799e-01,8.192551736221760361e-01
4.958281965576509798e-01,9.817164317349346137e-01,1.037837301769213072e+00
3.563227241009963020e-01,6.642855635406685888e-01,8.101761453378213407e-01
9.083991808623725905e-02,2.962185299757722490e-01,6.219554497477055577e-01
3.458150573395409877e-01,6.630181137994269891e-01,8.176766453918586919e-01
4.124116511129528595e-01,7.817641583264774985e-01,9.104297201474138568e-01
7.387394294926086236e-02,9.288052578715864094e-01,8.844211831768681309e-01
4.346236762901268813e-01,6.289701547960554473e-01,8.203317696858181129e-01
8.558961273373940637e-01,2.968829599803649577e-01,8.012855452290347236e-01
9.922393727395604213e-01,5.832368586149468959e-01,9.209401514309080161e-01
2.280099917213459504e-01,4.828394795774693105e-01,7.825189093461248913e-01
6.241817476538664700e-01,4.774535414970222380e-01,8.201161316794723932e-01
9.897940162200628000e-01,9.767356757696378233e-01,1.134517127328899422e+00
3.105353011523911411e-01,3.428699856104087118e-01,6.545772244738028434e-01
6.831702191021604698e-02,6.468756935839928834e-01,7.627704464580128407e-01
2.931524511095405794e-01,5.822829442480810247e-01,8.063986694248703735e-01
4.378441148624598878e-01,5.321684588953701223e-01,7.611534246187723340e-01
3.284273772340031705e-01,4.728922354210759460e-01,7.649877341066030345e-01
8.897655506118519186e-01,8.707054663020370455e-01,1.035685275736348165e+00
7.178983133354419621e-01,1.513530720148069664e-01,6.877458882339213542e-01
8.388502813076732512e-01,1.375397038869540234e-01,7.269634967180932383e-01
5.461257375236860945e-02,1.746867637889006897e-01,5.549488945813757512e-01
2.922060819585253766e-01,3.124219255673983398e-01,6.396721266566455233e-01
6.108029444028872934e-01,5.101955179365986748e-01,7.862215789849499314e-01
9.174612079198213310e-01,3.891757754096483168e-01,7.895156296264087548e-01
4.855174812148550512e-01,2.702477832218722620e-01,6.346674133374123894e-01
4.805388976777343890e-01,4.450228272164131749e-01,7.559022998930201576e-01
1.203448639318538405e-01,8.196012040218224604e-01,9.266056118437000499e-01
3.935001270917809491e-01,2.195303673748402185e-01,6.655158828483435096e-01
3.113304188636401015e-02,8.520509561718221381e-01,8.440229769397502579e-01
9.721033771188123396e-01,2.215046388290782264e-01,7.945849257726723680e-01
6.610300546754395157e-01,3.878297459517664469e-01,7.482216168930818645e-01
9.967184460174303151e-01,4.002055412020886216e-01,8.605143704802434845e-01
5.378704004734438104e-01,9.691883517864884334e-01,1.056995786417486149e+00
4.523608180871667717e-01,1.087146398822119719e-01,5.966255572092794557e-01
3.135537248584322478e-01,4.020929399027146633e-01,7.241250138072263809e-01
3.709969363458538449e-01,9.620999968293357796e-01,1.053972587133130023e+00
8.877051442629355638e-01,2.261300515116899668e-01,7.834122167711420337e-01
3.105581254076161812e-02,1.391874114946350938e-01,4.916501892294383169e-01
2.682914255845961771e-01,6.066839448854143280e-01,7.704550222698270945e-01
7.921808477095562129e-01,2.963053027583545385e-01,7.292693242739115567e-01
2.524534358027217262e-01,1.167899854637206580e-01,5.881111494908081161e-01
6.692529376316410650e-01,5.225662794580232529e-02,6.305226147948245208e-01
5.473188947457741094e-03,5.306612144210867132e-01,6.706623894241323658e-01
8.440608865555405682e-01,1.043350222961029194e-01,6.290977562453617944e-01
5.755015295045642354e-01,3.818861485631264152e-03,5.876091988273273170e-01
2.751696270379619946e-01,5.255751235107287700e-01,7.569603020965895990e-01
2.959960029734378661e-01,5.236604594337996854e-01,7.980946893970433109e-01
8.497665561356403385e-01,9.643944444190822862e-01,1.059003272842336862e+00
5.931416081145435282e-01,3.259306538148804000e-01,6.936509592863633333e-01
7.970882221471422557e-01,2.802772145393490622e-01,7.570156671268332138e-01
6.887966084659845611e-01,5.577390385531839634e-01,8.294542010196163107e-01
3.567319214074411438e-01,6.950826283345984402e-01,8.599151926261346945e-01
6.744150768784767935e-01,4.348651929562068474e-01,8.458279485872731707e-01
9.365514729957165052e-01,7.547164355276756442e-01,9.893187233976750150e-01
6.165858534106081201e-01,7.879260453137040265e-01,9.410815019730993658e-01
7.853816084640401485e-01,9.216748492897066658e-01,1.021268128496261696e+00
3.831174521388113208e-01,2.916130327587603821e-01,6.234748504915385015e-01
4.146206620918047037e-01,5.027643655064500949e-01,7.889642127345399825e-01
1.452201872605926036e-01,6.954616353792086869e-02,4.703158963880802457e-01
1.828958434313372461e-01,9.875231541230148347e-01,1.007033769274860102e+00
1.891244300453494009e-01,5.951270820692504682e-01,7.724359820754154171e-01
4.363796123354692913e-01,4.100090430976400802e-01,7.922271694162644762e-01
8.127971035964027813e-01,3.356923688870236955e-01,8.045547905410854739e-01
5.820043199548787793e-01,2.587393564116029498e-01,6.968257332955346550e-01
8.571694693979846624e-01,4.728221560760458297e-01,8.160409356708413497e-01
4.674023185755963317e-01,9.319951580387453305e-02,6.124600402418481915e-01
2.334847471197167845e-01,5.875931859321883444e-01,8.336428263627337909e-01
3.119317603145937978e-01,1.811638026210250496e-01,6.452094188349943860e-01
9.910296564269438502e-02,4.385157782866537790e-01,6.404951999442852761e-01
5.460046952800087228e-01,9.861073184781361523e-01,1.006106427788518776e+00
5.440143940198050032e-01,8.963310349141228039e-01,1.037799400801989513e+00
3.099573587120949547e-01,2.966892408957130245e-01,6.594649063211165396e-01
6.743278630106847027e-01,8.873122185257363848e-01,1.026399868447833263e+00
5.337883261515385946e-02,9.947128120321396816e-01,9.350121692526973671e-01
2.689360089072789783e-01,3.302845982819357928e-01,6.274528130792764724e-01
6.821150325551872395e-01,9.044899658897210815e-01,1.006517287153108287e+00
5.636069873212096182e-01,8.508733398322246844e-01,9.592209355920175984e-01
2.874396733732110798e-01,9.121478013312886990e-01,1.005793569724876990e+00
3.858769681956983888e-01,5.428255696605190916e-01,8.034147973504390805e-01
8.980270775457777077e-01,9.583744038903323492e-01,1.064167315424672688e+00
4.946339465362603605e-02,2.550655733280571269e-01,5.734049780315136902e-01
3.329771778295939066e-01,8.000530048141382133e-01,9.578943220850866247e-01
7.647510706212660159e-01,2.145101422572304184e-02,5.895057558717575752e-01
2.311239440634647035e-01,3.617130594300479451e-01,6.890133838817545930e-01
7.376522467752431034e-01,1.668153874310096541e-02,6.028219611742097195e-01
1.093518368621886339e-01,9.358550499136274459e-01,9.683446252051847170e-01
9.119585342270092321e-01,2.945693652001016849e-01,8.034761120856717120e-01
8.014504384837584094e-02,5.024045175412362729e-01,7.410876317518417800e-01
1.405575052325059859e-01,7.304242417878956672e-01,8.124747902401497912e-01
4.212512257284998229e-01,3.096971876574240445e-01,7.167010014996877398e-01
9.574060766044587556e-01,4.879941010738485518e-01,9.183989594603781947e-01
2.810002091723454720e-01,3.188318772349590935e-01,6.869315078183078072e-01
1.224192183488437280e-01,3.893104947253200887e-01,7.131728927574307875e-01
5.067065505595037544e-01,5.100730963753663527e-02,5.399843322890747199e-01
8.690422058904153646e-01,4.973235401428366398e-02,6.093475009970418244e-01
4.691997728758251496e-01,7.935826589564034528e-01,9.097918179639098435e-01
3.167958866355788938e-01,5.748616994221293908e-01,8.207564935415571084e-01
6.769628556476779968e-01,6.568820645631574529e-01,9.194065737712259212e-01
3.504126570195688073e-01,9.229481225660852717e-01,9.886202346427117593e-01
2.122344609329115395e-01,9.579011911602315354e-01,9.974645912911412893e-01
1.764076465993958953e-01,4.801002580098445716e-01,7.739563180377864171e-01
1.927974693197254119e-01,2.740965402075373758e-01,5.934325598535550306e-01
7.248003557928121010e-01,7.952916833951544362e-01,9.859635483498041530e-01
7.675399598699128578e-01,2.404772334176566995e-01,6.943594957369428888e-01
3.378567867422083149e-01,9.086512688358555634e-01,9.651658336167551200e-01
7.351100920054757237e-01,7.803980251642251842e-01,9.730089530541450316e-01
6.779288022009887227e-01,9.994218224602124945e-02,6.036059356086113104e-01
7.625092948040845808e-01,4.599197940160845155e-01,8.701942551030746875e-01
2.288358792003921671e-01,4.294988994719468600e-01,7.314620192611082095e-01
5.987911715205997965e-01,3.052153308962463063e-01,7.495456818105539210e-01
3.476243367810932794e-01,7.323454141243272986e-01,9.250544538087518420e-01
7.532972151005409289e-01,9.333689053110665323e-01,1.108045503252998110e+00
3.835067643431009365e-01,1.885170986643591728e-01,6.423139628493821363e-01
6.015117961532133739e-01,8.368948265849633916e-01,1.037226933541264939e+00
2.718313223544740476e-01,6.605221708368327338e-01,8.659544818282194356e-01
4.807316057729078551e-01,9.282107540726176609e-01,1.023896004677339100e+00
9.164810257980626762e-01,3.430873531879929939e-01,8.032891993672702791e-01
9.176896765438141701e-01,1.108066046619619049e-01,7.209732799705980133e-01
4.774373677613523714e-01,3.605369507568516596e-01,7.368785529591325156e-01
7.397086236010208538e-03,3.904197340707629138e-01,6.598437443466851349e-01
7.708433130223590890e-02,2.070788489242911812e-01,6.081859265904180356e-01
2.502928235763535181e-01,9.284934856368467493e-01,1.011741315400235264e+00
2.070283711926605985e-01,7.840171996900368034e-01,8.646392268530264102e-01
5.874809474804207898e-01,2.436970213032353394e-01,6.913700818093309053e-01
7.695876735038319483e-01,5.832150263970297122e-01,9.332530238957504887e-01
6.656356130129147397e-01,9.636861055433871837e-01,1.088963257439777177e+00
7.761229554483494164e-01,9.615589818681403722e-01,1.130337087679499808e+00
6.371569474940205202e-01,4.095384885791826246e-01,8.018788532858092122e-01
1.416177417508457381e-02,8.694705460132534647e-02,4.742260622667886505e-01
6.482048399157779306e-01,3.847838012171024280e-01,7.819737049339751112e-01
9.904356345298359621e-01,7.878579388328618149e-01,1.091150590701092105e+00
1.415114717905296970e-01,5.009323504920294434e-01,6.861227004792351813e-01
4.434644627713016929e-01,3.279296287035429192e-01,6.618075008345877253e-01
3.464271765609082676e-01,8.451882578744733809e-01,9.309279194684825232e-01
1.174870460975460107e-01,8.295993775919637825e-01,8.929096417432643706e-01
4.854366747648528602e-01,5.162452524630969375e-01,8.164376068127822128e-01
5.118372862807306634e-01,9.883372015625170315e-01,1.004060994689984554e+00
7.233302734980399107e-01,3.385135765965541221e-01,7.610019363412737770e-01
8.807653138059851061e-01,5.458295853055896707e-01,9.263286524471883165e-01
1.948043346055503555e-01,3.418546230091393801e-01,6.465337485409987650e-01
4.874094774451360745e-01,7.619828983039047543e-01,9.053771972004308610e-01
8.758479892353656648e-01,8.739003391057655890e-01,1.035105378217608507e+00
1.931094027739200802e-01,2.014936216640397237e-01,6.099163832849449074e-01
7.840849997527065129e-01,4.505830169548520336e-01,8.007281719553669408e-01
1.785095333391827355e-01,4.564624534680827850e-02,5.415149896328148582e-01
8.688423755136635007e-01,3.624806627043013485e-01,7.889372542791845966e-01
2.360104055593842398e-01,5.688773075053918937e-01,7.979624402835657770e-01
2.805061478125927543e-01,3.342151861274645919e-01,7.181807101494428469e-01
6.384664092033098814e-02,9.636483131316273543e-01,9.292559426976316761e-01
8.128676975832798135e-01,1.225799092909088950e-01,6.787192705000372195e-01
5.686617773703794843e-02,2.858009283795797106e-01,5.582033356180382544e-01
9.137250699779069230e-01,2.604427755632604535e-01,7.320880516883260247e-01
7.835979537080999258e-01,6.036819174201913940e-01,9.437611304214471586e-01
2.024187725666747317e-01,8.116876879469415718e-01,8.469414086539830411e-01
8.016701953985516660e-03,1.667818595118120140e-02,4.147056811021296863e-01
9.450776688461329789e-01,8.482037953531497143e-01,1.105363708608541495e+00
8.670294766531239095e-01,6.806264662427040646e-01,9.529722620916865061e-01
8.522575832655118200e-01,6.330059904686292649e-01,9.562385443544808572e-01
1.352319847168752531e-01,4.773289206927203709e-01,7.380911696037126823e-01
5.613510618611872172e-01,5.071056075408701957e-01,7.924053259340912980e-01
6.972859661748106452e-01,9.521351225390873863e-01,1.111189322209584551e+00
3.651563308123960683e-01,7.517152732027152506e-01,8.742670460013134415e-01
7.457008350784348760e-01,9.225457082393827557e-01,1.038003241676530131e+00
4.069596852380508167e-01,7.477412379468151293e-01,9.094730055538859936e-01
3.364879427654553501e-01,3.059846727360816532e-01,6.812661517040267123e-01
5.934852446376838175e-01,8.238412973968354258e-01,1.026339399209162062e+00
2.889403804169021761e-01,9.661036405960879980e-01,9.725436942107451577e-01
1.855573735749419528e-01,3.536715989727876597e-01,7.105584156110074101e-01
1.433994826465181394e-01,1.250629971501264759e-01,5.604322453795353987e-01
8.850696135992245361e-01,9.257376577782102656e-01,1.073627968452949055e+00
7.500968578418867327e-01,2.080846695527700518e-01,7.170112497251395212e-01
3.623539976261453965e-01,6.652587670080526427e-01,8.961392504031482353e-01
8.671179089751476221e-01,9.144355322574121425e-01,1.111197603812508872e+00
8.196115726258513812e-01,4.424176905083346822e-01,8.428005967595887382e-01
4.267045158844242625e-01,1.126129533135232785e-01,6.111332165363561053e-01
5.138688037709995271e-01,1.214335962323737084e-01,5.744406405348931877e-01
9.003032964106580938e-01,7.596283264509919864e-01,9.793017436767116335e-01
9.292629276958295215e-01,2.023412869509986223e-01,7.162950526415010621e-01
2.425851230298405881e-01,5.161782025944173791e-01,7.866836085828999847e-01
5.336918152847691665e-01,3.326760529177407166e-01,7.031042576854532600e-01
5.652895832391477970e-01,3.476287033744311916e-01,7.683123801025931732e-01
5.363726247809202929e-01,2.306063089110476083e-01,6.385257158065570371e-01
1.820210004983002783e-01,3.239898652983101979e-01,6.698196912710696616e-01
8.403556240497188634e-01,8.975394713825958215e-01,1.086966498689574845e+00
9.337623322790310487e-01,6.139323375317502496e-01,9.455282381382081880e-01
6.755879842863702356e-01,5.700173739948767304e-01,9.098957285786805071e-01
8.365470815660988047e-01,2.825487701760699411e-01,7.883094483166487310e-01
1.786941377179496193e-01,4.103422030861392233e-01,7.363221404704747286e-01
7.160486295214668617e-01,1.345251689180743115e-01,7.093013777354095772e-01
2.575814724036121772e-01,6.717732161169100991e-01,8.258494469210928557e-01
5.413048643061949550e-01,6.380023465701761820e-01,8.591932140797090556e-01
6.422507475798026055e-01,1.997371211408481839e-01,6.601195502220736921e-01
5.018812410057394979e-01,4.356603397490065310e-01,7.723058392317679877e-01
3.180530148823944581e-01,8.562969651550880190e-01,8.954866678841739702e-01
9.339849697273227003e-01,3.274356553499393474e-01,8.208959105763424802e-01
6.708227084985599609e-01,8.232996835301470417e-01,9.769287764752676573e-01
6.068924542626812357e-01,6.609789504021227335e-01,8.586727627686836506e-01
1.565615263378664634e-01,3.354318873187001060e-02,4.656733169114432025e-01
1.286934995152305694e-01,6.081806572257320020e-01,7.540315125636902760e-01
2.741280945123801827e-01,4.439160867151903389e-01,7.517662592550393708e-01
2.298964396105809271e-01,4.702142338847692393e-02,5.316407131441887035e-01
5.639798486113001275e-02,7.812285016276001581e-01,8.467156273297087310e-01
5.390860061800786251e-01,9.354070399245193457e-01,1.041754186918060654e+00
2.769204992334514115e-01,3.126921392453338999e-01,7.055282493041430403e-01
9.221309450192518575e-01,1.156654594879704678e-01,6.705310830689270585e-01
1.431434758263220308e-01,9.734164969297475212e-01,9.712510319475484710e-01
7.481538664307965103e-01,4.699011373802900460e-01,7.866171223234388332e-01
8.796614970267434552e-01,2.092134160977677793e-01,7.543584774009431948e-01
4.208155974547255207e-01,8.268960640751189528e-01,9.833356971560518467e-01
7.469694135043860594e-01,6.261817387790573619e-01,8.651527476613796175e-01
8.756896797493212148e-01,4.760064191310547921e-01,8.570493448357002775e-01
4.329956886919769099e-01,7.277174819720756416e-01,9.144316613321157305e-01
7.943117155081805825e-01,8.751993966699911365e-02,6.496347754135778363e-01
6.372069370908063357e-01,3.968107261584578049e-01,7.355830106464278373e-01
3.457412814476634733e-01,1.572751058854093831e-01,6.337496752740612305e-01
9.180961324615021235e-01,1.972499232970368332e-01,7.181763561227101356e-01
6.050091863242930135e-01,6.196236452673022921e-01,8.926123459806875049e-01
3.783659156194005835e-01,8.337617382528018650e-01,8.995344117173446064e-01
8.704492887189172468e-01,6.357836647617423065e-01,9.595903033063515331e-01
9.433636883588252253e-01,1.843358888928986472e-01,7.560678786537586848e-01
7.573998910326257272e-01,4.805527541198038044e-01,8.189597994913825341e-01
8.671425582411204092e-01,5.980720728139622411e-01,9.025799836902134166e-01
6.387661248722165119e-02,7.546299719149052176e-02,5.367125750534806894e-01
3.436807071774834466e-01,6.684122836655440603e-01,8.662770260429585312e-01
1.767906940114171155e-01,6.202934408353696361e-01,7.995545298045988458e-01
5.732935905357482431e-01,4.768411461703079279e-01,8.530199699549181336e-01
1.726557288406167512e-01,1.996279253273819387e-01,6.138104578193543936e-01
5.113870248014024122e-01,3.559799675123426210e-01,7.600570468407352731e-01
9.487407413314679072e-01,5.095080247762342474e-01,8.658540456122794104e-01
2.723598070828969764e-01,7.086164453765766424e-01,8.841871328117515416e-01
5.941505554622106278e-02,2.767243619173516134e-01,5.632701763609293533e-01
6.696406092501441254e-01,7.878474244079756161e-01,9.916897824451164078e-01
5.153501085575874496e-01,9.495781801879310535e-02,5.535469902145762067e-01
8.541615428808275734e-01,9.811400069553289915e-01,1.092169252848586458e+00
9.519822523976314566e-01,3.838417345732336727e-02,6.489581857762204420e-01
6.994354686191704973e-01,3.777550465914955025e-01,7.453368634956516470e-01
9.898224663256106615e-01,4.742552503827865973e-01,8.534333120178545506e-01
4.279263529413414036e-01,1.066925070640929452e-01,5.991849227300684033e-01
9.249938994929208791e-01,1.125928964047021585e-01,7.144953955062667283e-01
6.234871870084087719e-01,9.368327799668620948e-01,1.034858504806921653e+00
8.775458067768294734e-01,6.311387577523313031e-01,9.181838358228506802e-01
4.965039723559704354e-01,8.356892924522323352e-01,9.967039413621934241e-01
4.982357946120719028e-01,4.163094557760971259e-01,7.164244421834807808e-01
4.098769641563700938e-01,8.597436306277210782e-01,9.413844311414845123e-01
5.135309701756748391e-01,9.163043952850601359e-01,1.030027604138055830e+00
3.123691497410946427e-01,8.434077442185625717e-01,9.185768040063578832e-01
1.524715040683667366e-01,4.356729810743971143e-01,6.512421118285048882e-01
5.315433644903049260e-01,5.910173270664340617e-01,9.011545319700977608e-01
3.971625899542869931e-01,3.755775495958402210e-01,6.986668862675672331e-01
4.230652058420925066e-01,3.686135358644151427e-01,7.594380019397121151e-01
8.698048751611564544e-01,6.029357224375289093e-01,9.111150673586697613e-01
7.458321703774504208e-01,1.835102731798375908e-01,7.024015632909603735e-01
8.733256302690732831e-01,7.936336171160074393e-02,6.523839575676595448e-01
7.474568067261128101e-01,3.211904160928030771e-01,7.789219192462297769e-01
2.482203603760869681e-01,7.455468295773457488e-01,8.450796357372966083e-01
3.549333471083437885e-04,3.477959102746147613e-01,6.022210192925800953e-01
5.271405024974697984e-01,6.917116300263452811e-01,9.486921671530522682e-01
2.799247742257932048e-01,7.501304117483134082e-01,8.460856725582780458e-01
5.528937258064420268e-01,3.482789844438193283e-01,7.413416927636058418e-01
8.502902411346788814e-01,4.117421596026901165e-01,7.774549279269578062e-01
9.719109075291471056e-01,4.730834965986652207e-02,6.498173502070684338e-01
2.691585818341831748e-01,3.370427201482782964e-01,6.469125903783183862e-01
4.676222438418506933e-01,2.414802850926924815e-01,7.040334145872219063e-01
3.635232389832673272e-01,5.033376098812376576e-01,8.234798801502549725e-01
4.473697118512295345e-01,4.831530008781337315e-02,5.606396385694214501e-01
1.572474144071709379e-01,5.922571230579848356e-01,8.148311607468110562e-01
4.072359559791601802e-01,8.826278326483969483e-01,9.641992267609794665e-01
8.694951555221701600e-01,1.906012980205378238e-01,7.604978220094775754e-01
2.806595991677086621e-01,6.545029539780817807e-01,8.662564339929507140e-01
6.574478138473989208e-01,1.471285187740498657e-01,6.666436482137834130e-01
9.263938755940667180e-01,3.932804003215415456e-01,8.068148971272386394e-01
3.773084207569850079e-01,3.890447130578358337e-01,7.196052485764119488e-01
2.021320023384521880e-01,7.314400275126378137e-01,8.219098021174668922e-01
3.145720137931824478e-01,3.281858478454292571e-01,6.629734651179247651e-01
1.005941240958931893e-01,7.706263942867062067e-01,8.312552338499104021e-01
3.918541195494322782e-01,8.511940090574574569e-01,9.283986451966497189e-01
2.156815825066471515e-02,7.618838851198799222e-01,7.939913401727169973e-01
2.264953859517300216e-01,9.410718673763307507e-01,9.497128700756026776e-01
3.213078052553460795e-01,8.297390610894205265e-01,9.224229038003074477e-01
1.987079923133924231e-01,9.727162713475023814e-02,5.456035938130667784e-01
3.849237385221981889e-01,6.795622276114855476e-01,8.968924849444753766e-01
7.355651134944826142e-01,9.117095589781218923e-01,1.004654730831071374e+00
1.596676901282895189e-01,2.394013226170377262e-02,5.259592247564367495e-01
6.144299071664093281e-01,9.982810450542127789e-01,1.056941968995333436e+00
9.808715292532677044e-02,1.964897078220547710e-01,5.572036405164804140e-01
6.544016678148441013e-01,9.324802252379292833e-01,1.085343824473812280e+00
3.055926546444756031e-01,8.868672461551749819e-01,9.853384341333987217e-01
1.035088396697426694e-01,9.300759721302818139e-01,9.708996963850305972e-01
3.808833071147115223e-01,7.851875832072668926e-01,9.260139567101079994e-01
7.035506536422472257e-01,8.123517323113588207e-01,1.027761414342712731e+00
3.424821955434775855e-01,4.569614527602193776e-01,7.168650630602320106e-01
7.218497364703303498e-01,8.656036954984179799e-01,1.027278732545722884e+00
1.240681473921967370e-01,6.286515357858091235e-01,8.262116771760036338e-01
5.831976153034950094e-01,6.795554562817371913e-01,8.996923572740014308e-01
8.566799725321702086e-01,9.211539352053123020e-01,1.099271104632329132e+00
6.713118924085021977e-01,6.394618823124169626e-01,8.651798319012740102e-01
9.343391507021019393e-01,9.489073845222701920e-01,1.152026644933089816e+00
6.196268927273873572e-01,8.028846254704727903e-01,9.965270319650457731e-01
6.348241610196628804e-01,2.490699819600227238e-01,6.520756641863524328e-01
9.936414407912419477e-02,2.314590671927074794e-01,5.453862112259723061e-01
8.347027339411436930e-01,5.716500924147048801e-01,9.324356552566916978e-01
5.935724826657283737e-01,9.576277686852719961e-01,1.014042722337086477e+00
9.421008073550422024e-01,7.109160331351394024e-02,6.531584825108494030e-01
5.921688110615355161e-01,6.365005720818847079e-01,9.305893814717401957e-01
4.209571061703830663e-01,5.476728874810546932e-01,8.191934534133600287e-01
8.778629539838567197e-01,7.894827689686082506e-01,1.057738635342168276e+00
8.157016468316183877e-01,2.145417234791391348e-02,5.805958755317038866e-01
7.905505812476404381e-01,8.401043932563899697e-01,9.991992350359548691e-01
2.108907188159326873e-01,9.107919824877208637e-01,9.726385289229617648e-01
7.106022494872932249e-01,1.176088206280274662e-01,6.473051724301410736e-01
1.188870023004460208e-01,8.505510805191626167e-01,8.819820903652626498e-01
6.584783655045012285e-02,2.461989177961254605e-02,4.494784069227338863e-01
5.018929050002075565e-01,1.074131932358600716e-01,5.603214232663888961e-01
4.851038590673666384e-01,1.377245800966472311e-01,6.192752700086475715e-01
2.224073199242559973e-01,7.072089447418112851e-01,8.206163759696039062e-01
5.610192756478464826e-01,6.491310624124432271e-01,9.166311105388622593e-01
7.189972222651230815e-02,4.034777647973617487e-01,6.706299500190020524e-01
2.380108453396309054e-01,3.776467398067695491e-02,5.024691553735329830e-01
6.866263449956008236e-01,3.837983750851954312e-01,8.011263655333927813e-01
3.429569122927214053e-01,7.734813289517555868e-01,9.187343211871449311e-01
7.799431412191759616e-02,6.896365830004849151e-01,8.434183992714077149e-01
8.173476648964366209e-01,2.840467721699632131e-01,7.181608665619809706e-01
1.970639608466203674e-01,7.621224767303517167e-01,8.458055966903440526e-01
7.409269441019368241e-01,6.135658716136077606e-01,9.022384405853001166e-01
8.093321772819209725e-01,1.829913393233361107e-01,6.898201600261671951e-01
8.089921049285641041e-01,5.919322665579578313e-01,9.175203720179354594e-01
6.737112614753562045e-01,8.612408624189419326e-01,9.873194577948072315e-01
1.870137014480854898e-01,4.816761645104801204e-01,6.861126024268988655e-01
4.044211462157265569e-01,5.207321030833214071e-01,8.191108825284709738e-01
1.764112139022976367e-01,2.355220123064782900e-02,5.191750405335173735e-01
2.176556467491255198e-01,6.570682987406983866e-02,4.831772770644503501e-01
9.261414413365154363e-01,7.555363423730449002e-01,1.022793480888390505e+00
7.812167055105334601e-02,2.484459063637270981e-01,5.872627801953405058e-01
8.312747537970851530e-01,2.066665863209471432e-03,6.390741730249573926e-01
3.979356301694130238e-01,8.266483245229113708e-01,9.817032284864770642e-01
9.211922137547845502e-03,1.205028968467599659e-01,4.982972123260162589e-01
5.078338140147609092e-02,7.366860465284653658e-01,8.001209445966244171e-01
4.557655704090834980e-02,8.447559739201370155e-01,8.678212883603614314e-01
5.673638350384557771e-01,5.061421354680423201e-01,8.574421899220769916e-01
4.121171328785552257e-01,9.502569200239525671e-01,1.000137894267428385e+00
6.425382380454116582e-01,6.971464851776085769e-01,9.315605243028941551e-01
5.941942909186477273e-01,1.208356099756527913e-01,5.953055769755748461e-01
5.209425254720360110e-01,2.531733915978239269e-01,7.180000539224076217e-01
5.938847674301356294e-01,2.173344300939197282e-01,6.749794069910524108e-01
6.198651746547145791e-02,7.594478320188290388e-01,8.138774454618955545e-01
7.549774514936264946e-01,9.246167437633471264e-01,1.078971300054874183e+00
5.679649615595048218e-01,5.115040301836581982e-01,8.621608659113888518e-01
6.333264246223146987e-01,6.997211430872174454e-01,9.262878680516729579e-01
7.636456655399874727e-01,6.398462347758526736e-02,6.189374240624563317e-01
8.136416948036824248e-01,5.897329163552346154e-01,9.519570264949130944e-01
9.074479040921127337e-01,4.806944519872952126e-01,9.100787990763891111e-01
1.654174144588820283e-01,6.428452801378675696e-01,8.263977018804317121e-01
8.330822495617957735e-01,3.448661412193038123e-01,8.056894609579378086e-01
7.721480768475375012e-02,3.098773244661533477e-01,6.553829090001046520e-01
6.283078411222235982e-01,9.611283292074600526e-01,1.042974456228499491e+00
9.620366177702143196e-01,7.006198383866431012e-01,9.476969944367842347e-01
7.855259902591583687e-01,3.713266265462893401e-01,8.318924745664719733e-01
2.521530316359994472e-01,9.073544850767345515e-02,5.582942427189769852e-01
9.178963121129831704e-01,2.898342892109018187e-02,6.167194912424697195e-01
9.035942513937587073e-01,1.596430456178755675e-01,6.643590527391791678e-01
3.122223681907817516e-01,5.651375075138587167e-01,8.160862886929175497e-01
7.144686373038319216e-01,4.040660628164746138e-01,8.168771090607060970e-01
7.149750376339744085e-01,8.210537891278877343e-01,9.665192707225290780e-01
1.617356547654936749e-01,6.291008916711173793e-01,8.006917451493772431e-01
5.291315673711040057e-01,2.061501564396243102e-01,6.366833386131183214e-01
3.074088578014437800e-01,2.347910672413824340e-01,6.771064508462287801e-01
6.677812761753876281e-02,8.141008473470969786e-01,9.167218588063776874e-01
8.141986695361286275e-01,1.559212705994746928e-01,7.313018485863016505e-01
6.014169567794225291e-01,9.739384925824289274e-01,1.082145127251963990e+00
9.371729377803483807e-01,3.714568235738368029e-01,7.852802236764540034e-01
2.974213820403140973e-01,7.533760653410582764e-01,8.959328680641696074e-01
2.957113728451532531e-02,4.749953696457026586e-01,6.670818258412634094e-01
4.111522199537319677e-01,1.570182209691802777e-01,6.207865006451274148e-01
8.272593543883135503e-01,7.407562200939585839e-01,1.025985072428257094e+00
8.199686604022884406e-01,9.385751686588144072e-01,1.124317067158005612e+00
9.744484509519595328e-01,5.455082528991538338e-01,9.332084772858530997e-01
4.903456684731282156e-01,8.941116515426599243e-01,1.013068919680327085e+00
4.487023270578033296e-01,2.394396137280853099e-01,6.309769616441116558e-01
5.811677674318120879e-01,2.451664359077004862e-01,6.648753719227366021e-01
9.896217628381035469e-01,1.961086434931271771e-01,7.664659521492860339e-01
7.385454598465346354e-01,9.311337830631362111e-01,1.044850978867539748e+00
9.603611011214774340e-01,2.243481873755232003e-01,7.352798810646182792e-01
3.584444198468652587e-01,4.301119699089317461e-02,4.989501333065918254e-01
7.574982248705252053e-01,6.746002368965225982e-01,9.604091054041471454e-01
7.400094567406323431e-02,6.007793634072751132e-01,7.893136218292480244e-01
3.213371702806435692e-01,3.757722032146734170e-01,6.929895852771417175e-01
2.545996413192060936e-01,4.962326324474737316e-01,7.961039138656423875e-01
1.578755030286463912e-01,9.766929741226059170e-01,9.407370569260582460e-01
6.479566960841582901e-01,7.728282410375677536e-01,9.639807550162727834e-01
9.424425025849321180e-01,4.088296536305552342e-01,8.084719939323965487e-01
3.966064851100592481e-01,1.617896604003281613e-01,6.144730573026701004e-01
7.218893510145540926e-02,8.519477631750926871e-01,8.968398347565160744e-01
5.955843407986078919e-01,8.551755868121631021e-01,9.825315009521551346e-01
7.496364048063515195e-01,9.538015616588775281e-01,1.112720027594878536e+00
7.808899102606905451e-01,1.885370714732375053e-01,6.915229017761780339e-01
3.511038834012977228e-01,5.528136414173728808e-01,8.075191447825527113e-01
7.191509072460434693e-01,5.129400954240640464e-01,8.765135232504683849e-01
5.655911129363383472e-01,8.492587007443568314e-01,1.033964384588315522e+00
3.005602371015511087e-01,7.919886996326502837e-01,9.553063243670603111e-01
2.349115069065277339e-02,5.130588521639476429e-01,6.860976792570174787e-01
6.952165041457889494e-01,8.806404189449821285e-01,1.043852255881223101e+00
4.917539209127186339e-03,6.956037755006970746e-01,8.075103056934307411e-01
5.158366561356108049e-01,6.191838705011746269e-01,8.704662554697655263e-01
2.017457420236423715e-01,9.591327518381866923e-01,9.776120822004622513e-01
2.474823604406307664e-01,4.167209414105091936e-01,7.407624991248663582e-01
9.105569896067413627e-01,2.208383273332841235e-01,7.542244615179913847e-01
4.769973301860866988e-01,9.361302659074119958e-01,1.008969560729365389e+00
8.065925828406907971e-01,2.180353344676458915e-01,7.062231620102558116e-01
6.907731781310622043e-02,2.533588897838323639e-02,4.328725929379575454e-01
7.228359776913140244e-02,5.885954812058152852e-01,7.372432775784947268e-01
1.652585569464248838e-01,1.196754002569044850e-01,5.608336046421433796e-01
3.409068061969615648e-01,1.985394979709748098e-01,6.587473022686944901e-01
2.636899089349564740e-01,7.636869954669389671e-02,5.369028649440131806e-01
9.928478602116053153e-01,8.813385939018868465e-01,1.084154894952966908e+00
1.060454835425496123e-01,1.425358328960441012e-01,5.301584150592367761e-01
9.564816685449497591e-01,1.194129751090278191e-02,6.116827109122821016e-01
3.263109093459253263e-01,3.509576811558108300e-01,7.317167974602958314e-01
6.792585743123294995e-01,8.374867375034251715e-01,1.025145543650711533e+00
3.188718289994447730e-01,1.236135519653196457e-01,5.834887424155962288e-01
7.790208431384115784e-02,2.382748208669713819e-01,5.408376989791363609e-01
1.393884218103547123e-01,7.014468075065092290e-01,8.343899729112708163e-01
6.871452705937852734e-02,3.783053260348744340e-01,6.588466805801455051e-01
6.175932699906326873e-01,1.260336001404733786e-01,6.621236634980983693e-01
7.514325588448275139e-01,3.394839213467237826e-01,8.002918542072038344e-01
3.293093718643258505e-02,5.343611020065215378e-01,7.095933942506095216e-01
4.663782038757664505e-01,1.928104798038293710e-01,5.964318349875935565e-01
5.706808284476558857e-01,7.958063088476901026e-01,9.589131015046408191e-01
2.477788205474149574e-01,4.100159307233020023e-01,6.779148047797782795e-01
8.941705965870856421e-01,5.902460778167704092e-01,9.341730269338601733e-01
3.159968599565008418e-01,5.229452638679322751e-01,8.191407780243165071e-01
6.638859068239990613e-01,2.258294612394340373e-01,6.600606378020993370e-01
3.006139347821813468e-01,3.802718577314883053e-01,7.126444631156583220e-01
8.034286274509061521e-01,6.567332205601570383e-01,9.773739834174998142e-01
3.264366480129810011e-01,3.450521182558815569e-01,7.362713788515259372e-01
4.477994362192624367e-01,8.421666925427315764e-01,9.411265892786263576e-01
6.267604151737281581e-01,7.964682048483426868e-01,9.435982356879411004e-01
7.070088642913462396e-01,9.135617918931180359e-01,1.060149221352094662e+00
9.304961469797368157e-02,5.078586005643780377e-01,7.374240134721167239e-01
4.083516576429382372e-01,3.920753403046328689e-01,7.155064632214755971e-01
9.790783172388982658e-01,7.278495270872922251e-01,9.797038183041201220e-01
6.805119052717079065e-01,5.599745334884864700e-01,8.377819575798908236e-01
1.987325301350535423e-01,9.337966268012259929e-01,9.976193250948115487e-01
5.521736059596115131e-01,6.265165566166636113e-01,8.382767317585544387e-01
6.275731492398084477e-01,7.288017710220591194e-01,8.929694211586771679e-01
6.754915439810478262e-01,2.972129331465477309e-01,7.755962792364463620e-01
4.984581145135402735e-01,7.747128513860519483e-01,9.555403287863685202e-01
6.034086672515551752e-01,9.923038113561797324e-01,1.034149022895623382e+00
6.018176698746305897e-01,5.659104945596106218e-01,8.284662297401319542e-01
6.303764799973065047e-01,8.248031824071319074e-01,9.481751724848171969e-01
5.255209488810764773e-01,5.531986884247459546e-01,8.223700612601954063e-01
3.156748311268220419e-02,3.310501936608645224e-02,5.074824550564636105e-01
7.392785296418520335e-01,4.105377438841649740e-01,8.192928424273564492e-01
8.841783368524381848e-01,4.212409116320219304e-01,8.055365371531451046e-01
2.125520541411014541e-01,1.938701790803276648e-01,5.545329090261238436e-01
2.731137569663741882e-01,7.346832309362749669e-01,8.388802066608292973e-01
8.045791432501395724e-01,5.655751801844624005e-01,9.186526130463260609e-01
8.214608810154118146e-01,8.745319901971032595e-01,1.077837865132738271e+00
6.334832030573648298e-01,4.834062506201408649e-01,7.901337845128919568e-01
5.502071309517547748e-01,1.928840084784286812e-01,6.863131316496726697e-01
7.346718700314895933e-01,3.355974466143185619e-02,5.688812969728489488e-01
3.474425466941112317e-01,8.598157930972604168e-01,9.723473484575093639e-01
6.524947960008111725e-01,5.292013257416728900e-01,8.647113554665153412e-01
2.426154123950164943e-01,1.655427938191994519e-01,6.284163369970899859e-01
9.083658667710871049e-01,7.595245235475426293e-01,1.049381077360020065e+00
7.847030941126935666e-01,3.138792043926926789e-01,7.166409900181404113e-01
6.198456087819460558e-01,3.971107881721008814e-01,7.419668839154530682e-01
2.742989870049190593e-01,6.227917523613838435e-01,8.463918874893872069e-01
5.865905175149481732e-01,5.034103074892517515e-01,8.357886908806029247e-01
6.360955227302189652e-01,7.541489652642652253e-01,9.084652534107946487e-01
8.613151662107508821e-01,3.353609867057306682e-01,7.716277546041883095e-01
8.322226099464569149e-02,6.518828420540146995e-01,7.794676651832230796e-01
2.655460437174665955e-01,1.870950021793374995e-01,5.711690771379788201e-01
4.244906251537092778e-01,4.529481343251806624e-01,7.962255519961856098e-01
7.815600221376406420e-02,1.518724540209326346e-01,5.722149151836548597e-01
2.927094784788331072e-02,3.106611545443823674e-01,6.542433711454564982e-01
3.025419673180603786e-01,9.120919547492191137e-01,9.840416859640526148e-01
7.334796816945829967e-01,8.669184300621535222e-01,1.039609072978249227e+00
6.834035964643223604e-01,1.846005771966521269e-01,6.768673646534349997e-01
5.036664709010614249e-01,9.817336992295055964e-02,6.372164632663982475e-01
2.303246531049322199e-01,5.412801666059595673e-01,8.143355064332267190e-01
9.346678087397189971e-01,7.207212656743267054e-01,9.530827376723294275e-01
2.342152742669167953e-02,3.470476893785012784e-01,6.438453812788574870e-01
9.047661072263617488e-01,1.177169608570365344e-01,6.462744430446404342e-01
3.309288912409747985e-01,8.067727562291783228e-01,9.311816868350822896e-01
3.075445762889211787e-01,9.470268660706085972e-01,1.006427243802468174e+00
7.786062756016526309e-01,4.270610932346606825e-01,8.229515523545087863e-01
8.864465681134756636e-01,2.405374002577878034e-01,7.227666034560972230e-01
8.629795773336319531e-01,9.255358735134752157e-01,1.084953616835583112e+00
6.717442579181374107e-01,1.405604126583537283e-01,6.535561298819086984e-01
8.021026949030310993e-01,4.897428202431696187e-01,8.376538091447440770e-01
8.681412713596778907e-01,4.228735979956858015e-01,8.619918820665658510e-01
7.723824973249124870e-01,9.866043404427490282e-01,1.078819735011047998e+00
4.306016867602691089e-02,7.125009595279495622e-01,7.826565212426817020e-01
7.140161287979317484e-01,8.305574970032909565e-01,9.888230537666243825e-01
1.214996149794657088e-01,4.493183400200129185e-02,5.208653970995561489e-01
3.180617639781764261e-01,7.192300776781479499e-01,9.075268346564632216e-01
2.650517521993810410e-01,6.493103732954960128e-01,7.820345084947644132e-01
9.232127537135154105e-01,2.698179480594518065e-01,7.332078487919019283e-01
9.017700800537317152e-01,9.389249515277126035e-01,1.098995847303391171e+00
1.483999275507463800e-02,7.502540723205898265e-01,7.945151203603781909e-01
7.134391827425541344e-01,8.402639416961233954e-01,9.857221474060132715e-01
2.372731733782252883e-01,8.591592308546246448e-01,9.166325748538116658e-01
6.431970976872172230e-01,4.477379574582288635e-01,7.959399211521680506e-01
6.649331614589526485e-01,5.325960416554994525e-01,8.396626103549792441e-01
9.900390721400538219e-01,7.557637751934924708e-01,1.034811404553185765e+00
6.610932599199479398e-01,4.317890962346669914e-01,7.957930886697598405e-01
8.954875518652528621e-01,6.077181845708991004e-01,9.551201346421509530e-01
5.506699565529754592e-01,5.205097954866972909e-01,8.219241501624534596e-01
5.042868039607945052e-01,1.343555507157802031e-01,5.786192642918657203e-01
4.623724576592761482e-01,1.011954536597525767e-02,5.435856068750045678e-01
7.059011218825899103e-01,1.156369908258431112e-01,6.747817866300996892e-01
8.027916045559768676e-02,8.357947283414607353e-01,8.836191801500288268e-01
7.666851855746280586e-01,9.716560092562429585e-01,1.056645144424885885e+00
4.418313724487477057e-02,9.578020527923782890e-01,9.635377435129613977e-01
4.948949044288847299e-01,7.425604740057842879e-01,9.576794810915874034e-01
6.796899300294961810e-01,3.512433814680382405e-01,7.725686473468802440e-01
2.567747860203879462e-01,7.103684537007749489e-01,8.470813154530932865e-01
4.454282041178447837e-02,7.832217095034200716e-01,8.586673822694420588e-01
8.165940823393809112e-01,7.538690495573674433e-01,9.568177471981004212e-01
1.329931925411022009e-01,9.408217792799428159e-01,9.561522318745445670e-01
2.719433386128171648e-01,9.351822348031726406e-01,9.451732713192292357e-01
5.339512176322258608e-01,6.311514197116838698e-01,8.789753998345337660e-01
1.436925962341220053e-01,6.293316055135897980e-01,8.375788521552057775e-01
5.139292245084822186e-01,4.140800335464842608e-01,7.544050792281741247e-01
7.873168708732402044e-01,2.717668985069643384e-01,7.482575757549242423e-01
5.236602308652931193e-01,8.301613939224171679e-01,9.786256405747275622e-01
4.312729380796523904e-01,9.745829597960663504e-01,1.063715971130651416e+00
5.535515153633397967e-01,3.687537829949790735e-01,7.156347365944513150e-01
2.462358549464227497e-01,6.712620272958340628e-01,8.501090634692228809e-01
9.950972207722894591e-01,1.904513976325047375e-01,7.208859361805863841e-01
4.258073705514202612e-01,7.302811483483692134e-01,8.952675375497274324e-01
5.096967072188167691e-01,3.075974812357166188e-01,7.098938048491699737e-01
8.006622450234296418e-01,6.666773468804193525e-01,8.985383367537751464e-01
2.745174344868298588e-01,8.109449174596538024e-01,8.799744959075568307e-01
9.194601110022047052e-01,5.882071580562037161e-01,9.661163030886590342e-01
3.159945050012301637e-01,8.084707530547941001e-02,5.304238412028579042e-01
2.583820962341466521e-01,8.087716280670648183e-01,8.861825778306740009e-01
6.870423193449651800e-01,4.391210783916182914e-01,8.319827822026885089e-01
7.861029798255694256e-01,1.829606900257886304e-01,7.469512751292679553e-01
5.495431263611623152e-01,6.679197300878142451e-01,9.383686010435939862e-01
8.179008311066597869e-01,5.988435239096547846e-01,9.016754540211023849e-01
7.380075794729538119e-01,7.362006226129187425e-01,9.980156649667740743e-01
3.822463625180946289e-01,9.795336142036543681e-01,9.676441141366912690e-01
4.777197763890584925e-01,9.226079673270509707e-01,9.809512714893194874e-01
8.339125157238691521e-01,4.226690305937563785e-02,6.424005858172070482e-01
5.187244973178677387e-01,2.114689033747798597e-01,6.152350038845040281e-01
7.221349275701544057e-01,4.414840333584638676e-01,8.416371599377816537e-01
4.865029965464210404e-01,8.692746831473759928e-01,1.022245798700058605e+00
9.872222320225191305e-01,5.251154135451104876e-01,8.991434672509723836e-01
4.991563788159885107e-01,6.559235992677632243e-01,9.156915725929277716e-01
2.312691983759183056e-01,1.302244941585711802e-01,5.516439665700881845e-01
1.555963933611549388e-01,8.400645660913801382e-01,8.926186790905024093e-01
6.885864855497201287e-01,4.359509523581023283e-01,8.006358966509269370e-01
9.148934478934551695e-01,2.722928336105696623e-01,7.708093745970937549e-01
9.614057411327394664e-01,1.704585313018736059e-02,6.634248279187692221e-01
9.713113867750260422e-01,7.516953492035131079e-01,9.717600465955477107e-01
3.836694993412507193e-01,4.745265333230878069e-01,7.284938794390343197e-01
8.607238795603049386e-01,7.198238282183111458e-02,6.961054854415583693e-01
4.002109893347386427e-01,1.501193724710909727e-01,5.957250212668281364e-01
